This file's first parameter contains the precentage of the data used for training the classigier. 
  The second parameter is the percent error the classifier had. 

0 38.6207
1 35.4723
2 29.4704
3 23.3144
4 20.2545
5 17.9928
6 16.1868
7 15.2418
8 14.5189
9 13.7382
10 13.2906
11 13.0426
12 12.7899
13 12.5626
14 12.4067
15 12.4086
16 12.2898
17 12.3092
18 12.372
19 12.2696
20 12.2719
21 12.2387
22 12.2645
23 12.314
24 12.2158
25 12.2071
26 12.2944
27 12.2163
28 12.2241
29 12.1976
30 12.232
31 12.1853
32 12.1334
33 12.1539
34 12.112
35 12.1012
36 11.9945
37 11.976
38 11.9089
39 11.8856
40 11.8339
41 11.8446
42 11.8488
43 11.7685
44 11.7302
45 11.6349
46 11.6499
47 11.5234
48 11.5077
49 11.5119
50 11.4066
51 11.4297
52 11.3067
53 11.2789
54 11.2363
55 11.2132
56 11.1265
57 11.0978
58 11.0271
59 10.9611
60 10.9398
61 10.9039
62 10.8477
63 10.8296
64 10.796
65 10.6986
66 10.6895
67 10.6333
68 10.6266
69 10.5695
70 10.5311
71 10.4727
72 10.4598
73 10.4683
74 10.407
75 10.3548
76 10.3191
77 10.318
78 10.3055
79 10.3026
80 10.1747
81 10.2859
82 10.2167
83 10.2465
84 10.108
85 10.183
86 10.1248
87 10.1226
88 10.067
89 10.1117
90 10.1161
91 10.0058
92 10.0766
93 10.0932
94 10.007
95 10.0427
96 10.0222
97 9.93643
98 10.0011
99 9.97
